cell_feature_value = [
    9.8500000e+01,9.3500000e+01,9.7125000e+01,9.4750000e+01,8.4500000e+01,9.6000000e+01,1.0150000e+02,9.7500000e+01;
    ,8.5000000e+01,8.7750000e+01,8.9750000e+01,8.4500000e+01,7.5000000e+01,8.4500000e+01,9.6000000e+01,9.0000000e+01;
    ,1.3996000e+01,1.6693500e+01,1.6389900e+01,1.0203100e+01,1.6922600e+01,1.4087600e+01,1.6377400e+01,1.5094500e+01;
    , -5.1375000e+01,-5.3250000e+01,-5.2604000e+01,-5.9760900e+01,-5.1400000e+01,-6.2428600e+01,-5.5800000e+01,-5.4857100e+01;
    , -5.1285700e+01,-5.4850000e+01,-5.1593300e+01,-6.0099300e+01,-5.2269200e+01,-6.2458300e+01,-5.4625000e+01,-5.5100000e+01;
    ,2.6670000e-01,3.4090000e-01,7.1200000e-02,2.5000000e-01,3.9290000e-01,8.8460000e-01,6.1110000e-01,4.1670000e-01;
    ,8.1156200e+01,8.2666700e+01,9.0362500e+01,8.2545500e+01,6.4366700e+01,6.9178600e+01,9.0200000e+01,9.0214300e+01;
    ,2.9800000e-01,3.0870000e-01,2.5530000e-01,3.4780000e-01,2.5970000e-01,2.5550000e-01,2.0360000e-01,3.5810000e-01;
    ,2.1688000e+00,1.9667000e+00,1.8047000e+00,1.9364000e+00,2.2333000e+00,2.2929000e+00,1.9000000e+00,2.0857000e+00;
    ,9.0500000e+01,8.4250000e+01,8.7625000e+01,9.0250000e+01,7.5000000e+01,8.5000000e+01,8.9500000e+01,9.2500000e+01;
    , -4.9000000e+01,-4.8000000e+01,-4.4941500e+01,-5.8238100e+01,-4.7000000e+01,-6.0000000e+01,-4.8000000e+01,-5.2500000e+01;
    ,1.5000000e+00,1.3500000e+00,1.3250000e+00,1.6000000e+00,1.4000000e+00,1.3000000e+00,1.3000000e+00,1.7000000e+00;
    ,4.1500000e+01,3.6250000e+01,4.2683500e+01,3.2011900e+01,2.8000000e+01,2.5000000e+01,4.1500000e+01,4.0000000e+01;
    ,5.6940000e-01,6.1280000e-01,5.7110000e-01,5.8910000e-01,6.3450000e-01,7.0450000e-01,5.7980000e-01,6.6170000e-01;
    ,4.0000000e-01,3.0000000e-01,3.0000000e-01,5.0000000e-01,4.0000000e-01,4.0000000e-01,4.0000000e-01,4.0000000e-01;
    , -1.1000000e+01,-3.0000000e+00,-4.6250000e+00,-8.7500000e+00,-6.5000000e+00,-8.0000000e+00,-1.5000000e+00,-5.5000000e+00;
    , -7.0000000e+00,-1.0000000e+00,-2.6250000e+00,-5.0000000e+00,-5.0000000e+00,-5.5000000e+00,-1.0000000e+00,-3.0000000e+00;
    ,7.9500000e+01,8.1250000e+01,8.3000000e+01,8.1500000e+01,6.8500000e+01,7.7000000e+01,8.8000000e+01,8.7000000e+01;
    , -4.5000000e+01,-4.6000000e+01,-4.2941500e+01,-5.4488100e+01,-4.5500000e+01,-5.7500000e+01,-4.7500000e+01,-5.0000000e+01;
    ,1.9000000e+00,1.6500000e+00,1.6250000e+00,2.1000000e+00,1.8000000e+00,1.7000000e+00,1.7000000e+00,2.1000000e+00;
    ,3.4500000e+01,3.5250000e+01,4.0058500e+01,2.7011900e+01,2.3000000e+01,1.9500000e+01,4.0500000e+01,3.7000000e+01;
    ,8.2000000e-01,6.4200000e-01,7.2580000e-01,8.2160000e-01,8.6870000e-01,7.5910000e-01,6.5420000e-01,8.5460000e-01;
    ,7.0812500e+01,7.3083300e+01,7.9373600e+01,7.4454500e+01,5.4900000e+01,5.7928600e+01,7.8900000e+01,8.4357100e+01;
    , -2.3200000e-01,-1.4460000e-01,-1.0520000e-01,-1.9250000e-01,-2.8710000e-01,-3.4300000e-01,-1.3160000e-01,-1.0270000e-01;
    , -1.8333000e+00,-1.8636000e+00,-1.4149000e+00,-2.7000000e+00,-2.3214000e+00,-3.8077000e+00,-2.1667000e+00,-2.2500000e+00;
    ,9.5152200e+01,9.9360200e+01,1.0675240e+02,9.2748500e+01,8.1289200e+01,8.3266100e+01,1.0657740e+02,1.0530880e+02;
    ,1.7991250e+03,1.7929167e+03,1.7856750e+03,1.7482273e+03,1.9758000e+03,1.8520000e+03,1.9070000e+03,1.7081429e+03;
    ,1.7991250e+02,1.7929170e+02,1.7856750e+02,1.7482270e+02,1.9758000e+02,1.8520000e+02,1.9070000e+02,1.7081430e+02;
    , -4.1031300e+01,-4.3666700e+01,-4.1615100e+01,-5.1670000e+01,-4.1933300e+01,-5.1178600e+01,-4.4500000e+01,-4.9000000e+01;
    ,1.8188000e+00,1.5000000e+00,1.4000000e+00,1.6682000e+00,1.6933000e+00,1.7929000e+00,1.4800000e+00,1.7571000e+00;
    ,2.1313000e+00,1.8167000e+00,1.7211000e+00,1.9182000e+00,1.9933000e+00,2.2000000e+00,1.8400000e+00,1.9000000e+00;
    ,1.9630000e-01,7.8300000e-02,1.0660000e-01,7.2200000e-02,2.6340000e-01,3.1670000e-01,2.4700000e-02,6.4800000e-02;
    ,8.0000000e-01,6.9580000e-01,7.0280000e-01,7.8180000e-01,8.4670000e-01,8.7140000e-01,7.1000000e-01,8.1430000e-01;
    ,1.5240000e-01,1.7420000e-01,9.6300000e-02,1.2860000e-01,4.4050000e-01,2.6370000e-01,1.5900000e-02,2.0800000e-02;
    ,1.8204375e+03,1.8110833e+03,1.8028861e+03,1.7674091e+03,1.9957333e+03,1.8740000e+03,1.9254000e+03,1.7271429e+03;
    ,1.8105000e+03,1.8023750e+03,1.7946444e+03,1.7587273e+03,1.9868000e+03,1.8640714e+03,1.9165000e+03,1.7184286e+03;
    , -4.9381900e+01,-5.8255700e+01,-6.5671400e+01,-5.6543600e+01,-4.1998700e+01,-4.2398600e+01,-6.2651100e+01,-5.8736400e+01;
    , -3.1420000e-01,-1.8680000e-01,-1.4660000e-01,-1.6370000e-01,-4.0480000e-01,-4.4550000e-01,-7.2100000e-02,-1.5150000e-01;
    ,1.6125000e+00,1.3833000e+00,1.3575000e+00,1.4364000e+00,1.4600000e+00,1.5857000e+00,1.4100000e+00,1.5000000e+00;
    ,2.9781200e+01,2.9416700e+01,3.7758500e+01,2.2784600e+01,1.2966700e+01,6.7500000e+00,3.4400000e+01,3.5357100e+01;
    ,1.8025000e+03,1.7954167e+03,1.7876167e+03,1.7509091e+03,1.9783333e+03,1.8553571e+03,1.9094000e+03,1.7102857e+03;
    ,1.4200370e+02,1.7431940e+02,2.2462750e+02,1.5870830e+02,1.0717220e+02,1.0318950e+02,1.9474170e+02,2.1089290e+02;
    , -3.9720000e-01,-1.8800000e-01,-1.9020000e-01,-3.2620000e-01,-4.5900000e-01,-5.5400000e-01,-3.8580000e-01,-1.0270000e-01;
    ,5.1880000e-01,4.3330000e-01,3.6360000e-01,4.8180000e-01,5.3330000e-01,6.1430000e-01,4.3000000e-01,4.0000000e-01;
    ,1.0813000e+00,8.6670000e-01,9.2110000e-01,8.6820000e-01,9.6000000e-01,8.0710000e-01,8.8000000e-01,1.0143000e+00;
    ,6.3000000e+01,6.3750000e+01,7.5625000e+01,6.3250000e+01,4.2500000e+01,3.5500000e+01,7.0000000e+01,7.9000000e+01;
    ,3.7790000e-01,4.3620000e-01,4.4770000e-01,5.2670000e-01,2.5570000e-01,3.3100000e-01,1.9850000e-01,4.7850000e-01;
    ,5.1840000e-01,6.0300000e-01,6.9850000e-01,6.9630000e-01,3.5100000e-01,4.3240000e-01,2.7800000e-01,7.6210000e-01;
    ,3.8670000e-01,5.4950000e-01,5.6600000e-01,6.0780000e-01,2.8080000e-01,3.6750000e-01,2.3180000e-01,5.4930000e-01;
    ,9.5900000e-02,1.5070000e-01,2.1150000e-01,1.9140000e-01,6.8300000e-02,9.1400000e-02,8.1700000e-02,3.0990000e-01;
    ,2.5592900e+01,3.4560000e+01,4.6547300e+01,4.1238900e+01,2.7846200e+01,2.8625000e+01,3.8775000e+01,5.6540000e+01;
    ,1.6000000e+01,1.2000000e+01,9.5000000e+00,1.1000000e+01,1.5000000e+01,1.4000000e+01,1.0000000e+01,7.0000000e+00;
    ,1.6000000e+01,1.2000000e+01,9.5000000e+00,1.1000000e+01,1.5000000e+01,1.4000000e+01,1.0000000e+01,7.0000000e+00;
    ,4.4500000e-02,6.9500000e-02,1.0340000e-01,9.9200000e-02,3.2400000e-02,5.1100000e-02,4.0800000e-02,1.6030000e-01;
    ,5.1900000e-02,6.9500000e-02,1.0340000e-01,9.9200000e-02,4.0200000e-02,5.1100000e-02,4.0800000e-02,1.6030000e-01;
    ,2.4433300e+01,3.2459100e+01,4.2465600e+01,3.8210000e+01,2.6692900e+01,2.7446200e+01,3.6588900e+01,4.9700000e+01;
    ,1.7500000e+01,1.2500000e+01,8.0000000e+00,1.6000000e+01,2.4500000e+01,3.3500000e+01,1.3500000e+01,8.0000000e+00;
    ,7.0000000e+00,1.0000000e+00,2.6250000e+00,5.0000000e+00,5.0000000e+00,5.5000000e+00,1.0000000e+00,3.0000000e+00;
    ,1.0500000e+01,1.1500000e+01,5.3750000e+00,1.1000000e+01,1.9500000e+01,2.8000000e+01,1.2500000e+01,5.0000000e+00;
    ,4.3656200e+01,3.3631300e+01,2.6342400e+01,2.8800000e+01,4.0139100e+01,3.9237700e+01,3.0367400e+01,2.3474200e+01;
    ,1.0000000e+00,1.0000000e+00,1.0000000e+00,1.0000000e+00,1.0000000e+00,1.0000000e+00,1.0000000e+00,1.0000000e+00;
    ,8.2000000e+00,1.1450000e+01,1.1975000e+01,1.0950000e+01,1.1700000e+01,1.3300000e+01,1.9100000e+01,1.5500000e+01;
    ,1.0100000e+01,9.2273000e+00,1.0763900e+01,7.6000000e+00,9.2857000e+00,1.0923100e+01,1.1166700e+01,5.5000000e+00;
    ,2.8120000e-01,-2.8000000e-03,1.5990000e-01,7.6540000e-01,-2.4300000e-02,-7.6000000e-03,-7.8100000e-02,1.2000000e-01;
    ,5.4644800e+01,4.1768400e+01,2.4362400e+01,3.5158200e+01,4.3859600e+01,4.3859600e+01,2.8089900e+01,1.3850400e+01;
    ,1.2195120e+02,8.7538200e+01,8.3964900e+01,9.1341300e+01,8.5470100e+01,7.5188000e+01,5.2356000e+01,6.4516100e+01;
